   0.0000        1.0000        7.2508        14.502     
  0.10000E-001  0.99499        7.2471        14.494     
  0.20000E-001  0.99000        7.2366        14.473     
  0.30000E-001  0.98499        7.2191        14.438     
  0.40000E-001  0.98001        7.1943        14.389     
  0.50000E-001  0.97500        7.1621        14.324     
  0.60000E-001  0.97001        7.1229        14.246     
  0.70000E-001  0.96498        7.0767        14.153     
  0.80000E-001  0.96002        7.0234        14.047     
  0.90000E-001  0.95500        6.9629        13.926     
  0.10000       0.94999        6.8958        13.792     
  0.11000       0.94500        6.8220        13.644     
  0.12000       0.94000        6.7415        13.483     
  0.13000       0.93500        6.6543        13.309     
  0.14000       0.92999        6.5604        13.121     
  0.15000       0.92501        6.4601        12.920     
  0.16000       0.91999        6.3536        12.707     
  0.17000       0.91500        6.2407        12.481     
  0.18000       0.91000        6.1216        12.243     
  0.19000       0.90499        5.9965        11.993     
  0.20000       0.90000        5.8654        11.731     
  0.21000       0.89500        5.7287        11.457     
  0.22000       0.89000        5.5863        11.173     
  0.23000       0.88500        5.4383        10.877     
  0.24000       0.87999        5.2848        10.570     
  0.25000       0.87502        5.1260        10.252     
  0.26000       0.86998        4.9622        9.9244     
  0.27000       0.86500        4.7938        9.5875     
  0.28000       0.86000        4.6205        9.2411     
  0.29000       0.85500        4.4429        8.8859     
  0.30000       0.85001        4.2611        8.5221     
  0.31000       0.84499        4.0747        8.1494     
  0.32000       0.84001        3.8841        7.7683     
  0.33000       0.83498        3.6899        7.3797     
  0.34000       0.83000        3.4921        6.9841     
  0.35000       0.82498        3.2910        6.5821     
  0.36000       0.81997        3.0865        6.1730     
  0.37000       0.81495        2.8786        5.7572     
  0.38000       0.80987        2.6682        5.3363     
  0.39000       0.80477        2.4550        4.9100     
  0.40000       0.79952        2.2393        4.4786     
  0.41000       0.79405        2.0215        4.0431     
  0.42000       0.78808        1.8017        3.6034     
  0.43000       0.78111        1.5802        3.1604     
  0.44000       0.77227        1.3572        2.7145     
  0.45000       0.75977        1.1331        2.2662     
  0.46000       0.74033       0.90771        1.8154     
  0.47000       0.70895       0.68130        1.3626     
  0.48000       0.65939       0.45455       0.90911     
  0.49000       0.58764       0.22847       0.45693     
  0.50000       0.50007       0.51338E-001  0.10268     
  0.51000       0.41217       0.23286       0.46572     
  0.52000       0.34071       0.45808       0.91616     
  0.53000       0.29101       0.68344        1.3669     
  0.54000       0.25966       0.91026        1.8205     
  0.55000       0.24030        1.1359        2.2719     
  0.56000       0.22770        1.3603        2.7205     
  0.57000       0.21884        1.5832        3.1664     
  0.58000       0.21195        1.8045        3.6090     
  0.59000       0.20596        2.0240        4.0481     
  0.60000       0.20048        2.2417        4.4834     
  0.61000       0.19522        2.4570        4.9141     
  0.62000       0.19013        2.6699        5.3397     
  0.63000       0.18505        2.8798        5.7595     
  0.64000       0.18004        3.0871        6.1741     
  0.65000       0.17501        3.2916        6.5832     
  0.66000       0.17000        3.4926        6.9853     
  0.67000       0.16501        3.6904        7.3808     
  0.68000       0.15999        3.8844        7.7689     
  0.69000       0.15501        4.0745        8.1490     
  0.70000       0.15000        4.2606        8.5212     
  0.71000       0.14500        4.4427        8.8854     
  0.72000       0.14000        4.6205        9.2410     
  0.73000       0.13500        4.7940        9.5879     
  0.74000       0.13001        4.9628        9.9255     
  0.75000       0.12498        5.1263        10.253     
  0.76000       0.12001        5.2843        10.569     
  0.77000       0.11500        5.4374        10.875     
  0.78000       0.11000        5.5855        11.171     
  0.79000       0.10500        5.7278        11.456     
  0.80000       0.10001        5.8645        11.729     
  0.81000       0.94996E-001   5.9954        11.991     
  0.82000       0.90000E-001   6.1202        12.240     
  0.83000       0.85004E-001   6.2392        12.478     
  0.84000       0.79994E-001   6.3521        12.704     
  0.85000       0.75004E-001   6.4590        12.918     
  0.86000       0.69997E-001   6.5595        13.119     
  0.87000       0.64999E-001   6.6532        13.306     
  0.88000       0.60001E-001   6.7400        13.480     
  0.89000       0.55001E-001   6.8203        13.641     
  0.90000       0.49988E-001   6.8939        13.788     
  0.91000       0.45006E-001   6.9608        13.922     
  0.92000       0.40003E-001   7.0211        14.042     
  0.93000       0.35010E-001   7.0742        14.148     
  0.94000       0.29999E-001   7.1202        14.240     
  0.95000       0.24993E-001   7.1595        14.319     
  0.96000       0.19993E-001   7.1918        14.384     
  0.97000       0.15001E-001   7.2166        14.433     
  0.98000       0.99968E-002   7.2344        14.469     
  0.99000       0.50065E-002   7.2451        14.490     
   1.0000       0.31526E-015   7.2483        14.497     
