   0.0000        1.0000       0.11715E-001  0.23429E-001
  0.10000E-001  0.99500       0.83179E-002  0.16636E-001
  0.20000E-001  0.99000       0.91092E-002  0.18218E-001
  0.30000E-001  0.98500       0.10607E-001  0.21215E-001
  0.40000E-001  0.98000       0.87577E-002  0.17515E-001
  0.50000E-001  0.97500       0.10337E-001  0.20674E-001
  0.60000E-001  0.97000       0.74042E-002  0.14808E-001
  0.70000E-001  0.96500       0.93105E-002  0.18621E-001
  0.80000E-001  0.96000       0.76243E-002  0.15249E-001
  0.90000E-001  0.95500       0.95507E-002  0.19101E-001
  0.10000       0.95000       0.74039E-002  0.14808E-001
  0.11000       0.94500       0.75575E-002  0.15115E-001
  0.12000       0.94000       0.86213E-002  0.17243E-001
  0.13000       0.93500       0.77282E-002  0.15456E-001
  0.14000       0.93000       0.95266E-002  0.19053E-001
  0.15000       0.92500       0.73364E-002  0.14673E-001
  0.16000       0.92000       0.88433E-002  0.17687E-001
  0.17000       0.91500       0.86117E-002  0.17223E-001
  0.18000       0.91000       0.80221E-002  0.16044E-001
  0.19000       0.90500       0.87955E-002  0.17591E-001
  0.20000       0.90000       0.93211E-002  0.18642E-001
  0.21000       0.89500       0.83150E-002  0.16630E-001
  0.22000       0.89000       0.97064E-002  0.19413E-001
  0.23000       0.88500       0.94569E-002  0.18914E-001
  0.24000       0.88000       0.83482E-002  0.16696E-001
  0.25000       0.87500       0.91054E-002  0.18211E-001
  0.26000       0.87000       0.90414E-002  0.18083E-001
  0.27000       0.86500       0.10088E-001  0.20176E-001
  0.28000       0.86000       0.80001E-002  0.16000E-001
  0.29000       0.85500       0.95641E-002  0.19128E-001
  0.30000       0.85000       0.83462E-002  0.16692E-001
  0.31000       0.84500       0.92199E-002  0.18440E-001
  0.32000       0.84000       0.88661E-002  0.17732E-001
  0.33000       0.83500       0.93393E-002  0.18679E-001
  0.34000       0.82999       0.89685E-002  0.17937E-001
  0.35000       0.82499       0.95844E-002  0.19169E-001
  0.36000       0.81997       0.75048E-002  0.15010E-001
  0.37000       0.81494       0.83717E-002  0.16743E-001
  0.38000       0.80989       0.81138E-002  0.16228E-001
  0.39000       0.80477       0.86939E-002  0.17388E-001
  0.40000       0.79954       0.87440E-002  0.17488E-001
  0.41000       0.79408       0.74788E-002  0.14958E-001
  0.42000       0.78816       0.88381E-002  0.17676E-001
  0.43000       0.78130       0.99727E-002  0.19945E-001
  0.44000       0.77261       0.86574E-002  0.17315E-001
  0.45000       0.76034       0.91877E-002  0.18375E-001
  0.46000       0.74134       0.83697E-002  0.16739E-001
  0.47000       0.71045       0.81443E-002  0.16289E-001
  0.48000       0.66109       0.68021E-002  0.13604E-001
  0.49000       0.58909       0.73733E-002  0.14747E-001
  0.50000       0.50000       0.83833E-002  0.16767E-001
  0.51000       0.41091       0.90315E-002  0.18063E-001
  0.52000       0.33891       0.93700E-002  0.18740E-001
  0.53000       0.28955       0.92403E-002  0.18481E-001
  0.54000       0.25866       0.99716E-002  0.19943E-001
  0.55000       0.23966       0.72300E-002  0.14460E-001
  0.56000       0.22739       0.93907E-002  0.18781E-001
  0.57000       0.21870       0.62706E-002  0.12541E-001
  0.58000       0.21184       0.72620E-002  0.14524E-001
  0.59000       0.20592       0.75538E-002  0.15108E-001
  0.60000       0.20046       0.76493E-002  0.15299E-001
  0.61000       0.19523       0.70713E-002  0.14143E-001
  0.62000       0.19011       0.85371E-002  0.17074E-001
  0.63000       0.18506       0.86205E-002  0.17241E-001
  0.64000       0.18003       0.84554E-002  0.16911E-001
  0.65000       0.17501       0.71414E-002  0.14283E-001
  0.66000       0.17001       0.74746E-002  0.14949E-001
  0.67000       0.16500       0.88518E-002  0.17704E-001
  0.68000       0.16000       0.96845E-002  0.19369E-001
  0.69000       0.15500       0.95531E-002  0.19106E-001
  0.70000       0.15000       0.11190E-001  0.22379E-001
  0.71000       0.14500       0.94003E-002  0.18801E-001
  0.72000       0.14000       0.11193E-001  0.22386E-001
  0.73000       0.13500       0.86880E-002  0.17376E-001
  0.74000       0.13000       0.87068E-002  0.17414E-001
  0.75000       0.12500       0.78389E-002  0.15678E-001
  0.76000       0.12000       0.94492E-002  0.18898E-001
  0.77000       0.11500       0.89300E-002  0.17860E-001
  0.78000       0.11000       0.82426E-002  0.16485E-001
  0.79000       0.10500       0.87029E-002  0.17406E-001
  0.80000       0.10000       0.83306E-002  0.16661E-001
  0.81000       0.95000E-001  0.81264E-002  0.16253E-001
  0.82000       0.90000E-001  0.83392E-002  0.16678E-001
  0.83000       0.85000E-001  0.75438E-002  0.15088E-001
  0.84000       0.80000E-001  0.77336E-002  0.15467E-001
  0.85000       0.75000E-001  0.89974E-002  0.17995E-001
  0.86000       0.70000E-001  0.82545E-002  0.16509E-001
  0.87000       0.65000E-001  0.71291E-002  0.14258E-001
  0.88000       0.60000E-001  0.75756E-002  0.15151E-001
  0.89000       0.55000E-001  0.92200E-002  0.18440E-001
  0.90000       0.50000E-001  0.87133E-002  0.17427E-001
  0.91000       0.45000E-001  0.77513E-002  0.15503E-001
  0.92000       0.40000E-001  0.76964E-002  0.15393E-001
  0.93000       0.35000E-001  0.82425E-002  0.16485E-001
  0.94000       0.30000E-001  0.92904E-002  0.18581E-001
  0.95000       0.25000E-001  0.99604E-002  0.19921E-001
  0.96000       0.20000E-001  0.89058E-002  0.17812E-001
  0.97000       0.15000E-001  0.88423E-002  0.17685E-001
  0.98000       0.10000E-001  0.84532E-002  0.16906E-001
  0.99000       0.50000E-002  0.80369E-002  0.16074E-001
   1.0000        0.0000       0.11532E-001  0.23065E-001
