   0.0000000000000000       0.99999999999994527     
   1.0000000000000000E-003  0.86451080788555723     
   2.0000000000000000E-003  0.76018828004963201     
   3.0000000000000001E-003  0.68166516111205588     
   4.0000000000000001E-003  0.62395102854893880     
   5.0000000000000001E-003  0.58257168789678726     
   6.0000000000000001E-003  0.55365915382729369     
   7.0000000000000001E-003  0.53398903959540778     
   8.0000000000000002E-003  0.52096954399395423     
   9.0000000000000011E-003  0.51259181297014877     
   1.0000000000000002E-002  0.50735447875947737     
   1.1000000000000003E-002  0.50417556533079200     
   1.2000000000000004E-002  0.50230320767510184     
   1.3000000000000005E-002  0.50123361108757847     
   1.4000000000000005E-002  0.50064126986187751     
   1.5000000000000006E-002  0.50032339019894445     
   1.6000000000000007E-002  0.50015814566029271     
   1.7000000000000008E-002  0.50007496643163873     
   1.8000000000000009E-002  0.50003443523140079     
   1.9000000000000010E-002  0.50001532233618240     
   2.0000000000000011E-002  0.50000660241448580     
   2.1000000000000012E-002  0.50000275433217611     
   2.2000000000000013E-002  0.50000111212752141     
   2.3000000000000013E-002  0.50000043452518017     
   2.4000000000000014E-002  0.50000016424886651     
   2.5000000000000015E-002  0.50000006005219177     
   2.6000000000000016E-002  0.50000002123306952     
   2.7000000000000017E-002  0.50000000725902527     
   2.8000000000000018E-002  0.50000000239913545     
   2.9000000000000019E-002  0.50000000076643303     
   3.0000000000000020E-002  0.50000000023662960     
   3.1000000000000021E-002  0.50000000007059320     
   3.2000000000000021E-002  0.50000000002034417     
   3.3000000000000022E-002  0.50000000000565936     
   3.4000000000000023E-002  0.50000000000151512     
   3.5000000000000024E-002  0.50000000000038713     
   3.6000000000000025E-002  0.50000000000009037     
   3.7000000000000026E-002  0.50000000000001499     
   3.8000000000000027E-002  0.49999999999999645     
   3.9000000000000028E-002  0.49999999999999212     
   4.0000000000000029E-002  0.49999999999999123     
   4.1000000000000029E-002  0.49999999999999112     
   4.2000000000000030E-002  0.49999999999999095     
   4.3000000000000031E-002  0.49999999999999101     
   4.4000000000000032E-002  0.49999999999999106     
   4.5000000000000033E-002  0.49999999999999112     
   4.6000000000000034E-002  0.49999999999999106     
   4.7000000000000035E-002  0.49999999999999106     
   4.8000000000000036E-002  0.49999999999999112     
   4.9000000000000037E-002  0.49999999999999128     
   5.0000000000000037E-002  0.49999999999999117     
   5.1000000000000038E-002  0.49999999999999117     
   5.2000000000000039E-002  0.49999999999999134     
   5.3000000000000040E-002  0.49999999999999123     
   5.4000000000000041E-002  0.49999999999999117     
   5.5000000000000042E-002  0.49999999999999106     
   5.6000000000000043E-002  0.49999999999999090     
   5.7000000000000044E-002  0.49999999999999112     
   5.8000000000000045E-002  0.49999999999999123     
   5.9000000000000045E-002  0.49999999999999112     
   6.0000000000000046E-002  0.49999999999999101     
   6.1000000000000047E-002  0.49999999999999117     
   6.2000000000000048E-002  0.49999999999999101     
   6.3000000000000042E-002  0.49999999999999106     
   6.4000000000000043E-002  0.49999999999999123     
   6.5000000000000044E-002  0.49999999999999112     
   6.6000000000000045E-002  0.49999999999999117     
   6.7000000000000046E-002  0.49999999999999117     
   6.8000000000000047E-002  0.49999999999999128     
   6.9000000000000047E-002  0.49999999999999134     
   7.0000000000000048E-002  0.49999999999999101     
   7.1000000000000049E-002  0.49999999999999117     
   7.2000000000000050E-002  0.49999999999999145     
   7.3000000000000051E-002  0.49999999999999123     
   7.4000000000000052E-002  0.49999999999999128     
   7.5000000000000053E-002  0.49999999999999112     
   7.6000000000000054E-002  0.49999999999999117     
   7.7000000000000055E-002  0.49999999999999123     
   7.8000000000000055E-002  0.49999999999999134     
   7.9000000000000056E-002  0.49999999999999106     
   8.0000000000000057E-002  0.49999999999999123     
   8.1000000000000058E-002  0.49999999999999128     
   8.2000000000000059E-002  0.49999999999999123     
   8.3000000000000060E-002  0.49999999999999134     
   8.4000000000000061E-002  0.49999999999999140     
   8.5000000000000062E-002  0.49999999999999123     
   8.6000000000000063E-002  0.49999999999999128     
   8.7000000000000063E-002  0.49999999999999112     
   8.8000000000000064E-002  0.49999999999999117     
   8.9000000000000065E-002  0.49999999999999128     
   9.0000000000000066E-002  0.49999999999999140     
   9.1000000000000067E-002  0.49999999999999117     
   9.2000000000000068E-002  0.49999999999999123     
   9.3000000000000069E-002  0.49999999999999128     
   9.4000000000000070E-002  0.49999999999999128     
   9.5000000000000070E-002  0.49999999999999145     
   9.6000000000000071E-002  0.49999999999999128     
   9.7000000000000072E-002  0.49999999999999123     
   9.8000000000000073E-002  0.49999999999999145     
   9.9000000000000074E-002  0.49999999999999145     
  0.10000000000000007       0.49999999999999106     
  0.10100000000000008       0.49999999999999151     
  0.10200000000000008       0.49999999999999123     
  0.10300000000000008       0.49999999999999128     
  0.10400000000000008       0.49999999999999156     
  0.10500000000000008       0.49999999999999134     
  0.10600000000000008       0.49999999999999128     
  0.10700000000000008       0.49999999999999134     
  0.10800000000000008       0.49999999999999140     
  0.10900000000000008       0.49999999999999128     
  0.11000000000000008       0.49999999999999140     
  0.11100000000000008       0.49999999999999128     
  0.11200000000000009       0.49999999999999134     
  0.11300000000000009       0.49999999999999151     
  0.11400000000000009       0.49999999999999134     
  0.11500000000000009       0.49999999999999134     
  0.11600000000000009       0.49999999999999128     
  0.11700000000000009       0.49999999999999112     
  0.11800000000000009       0.49999999999999123     
  0.11900000000000009       0.49999999999999134     
  0.12000000000000009       0.49999999999999128     
  0.12100000000000009       0.49999999999999128     
  0.12200000000000009       0.49999999999999140     
  0.12300000000000010       0.49999999999999156     
  0.12400000000000010       0.49999999999999151     
  0.12500000000000008       0.49999999999999145     
  0.12600000000000008       0.49999999999999156     
  0.12700000000000009       0.49999999999999173     
  0.12800000000000009       0.49999999999999162     
  0.12900000000000009       0.49999999999999167     
  0.13000000000000009       0.49999999999999134     
  0.13100000000000009       0.49999999999999151     
  0.13200000000000009       0.49999999999999134     
  0.13300000000000009       0.49999999999999151     
  0.13400000000000009       0.49999999999999156     
  0.13500000000000009       0.49999999999999145     
  0.13600000000000009       0.49999999999999145     
  0.13700000000000009       0.49999999999999151     
  0.13800000000000009       0.49999999999999162     
  0.13900000000000010       0.49999999999999145     
  0.14000000000000010       0.49999999999999134     
  0.14100000000000010       0.49999999999999156     
  0.14200000000000010       0.49999999999999162     
  0.14300000000000010       0.49999999999999140     
  0.14400000000000010       0.49999999999999134     
  0.14500000000000010       0.49999999999999156     
  0.14600000000000010       0.49999999999999156     
  0.14700000000000010       0.49999999999999145     
  0.14800000000000010       0.49999999999999151     
  0.14900000000000010       0.49999999999999162     
  0.15000000000000011       0.49999999999999162     
  0.15100000000000011       0.49999999999999162     
  0.15200000000000011       0.49999999999999162     
  0.15300000000000011       0.49999999999999167     
  0.15400000000000011       0.49999999999999167     
  0.15500000000000011       0.49999999999999145     
  0.15600000000000011       0.49999999999999167     
  0.15700000000000011       0.49999999999999156     
  0.15800000000000011       0.49999999999999167     
  0.15900000000000011       0.49999999999999162     
  0.16000000000000011       0.49999999999999151     
  0.16100000000000012       0.49999999999999167     
  0.16200000000000012       0.49999999999999162     
  0.16300000000000012       0.49999999999999145     
  0.16400000000000012       0.49999999999999145     
  0.16500000000000012       0.49999999999999156     
  0.16600000000000012       0.49999999999999145     
  0.16700000000000012       0.49999999999999167     
  0.16800000000000012       0.49999999999999162     
  0.16900000000000012       0.49999999999999156     
  0.17000000000000012       0.49999999999999162     
  0.17100000000000012       0.49999999999999156     
  0.17200000000000013       0.49999999999999173     
  0.17300000000000013       0.49999999999999162     
  0.17400000000000013       0.49999999999999167     
  0.17500000000000013       0.49999999999999167     
  0.17600000000000013       0.49999999999999167     
  0.17700000000000013       0.49999999999999156     
  0.17800000000000013       0.49999999999999178     
  0.17900000000000013       0.49999999999999173     
  0.18000000000000013       0.49999999999999162     
  0.18100000000000013       0.49999999999999184     
  0.18200000000000013       0.49999999999999190     
  0.18300000000000013       0.49999999999999173     
  0.18400000000000014       0.49999999999999145     
  0.18500000000000014       0.49999999999999178     
  0.18600000000000014       0.49999999999999162     
  0.18700000000000014       0.49999999999999167     
  0.18800000000000014       0.49999999999999156     
  0.18900000000000014       0.49999999999999167     
  0.19000000000000014       0.49999999999999178     
  0.19100000000000014       0.49999999999999178     
  0.19200000000000014       0.49999999999999173     
  0.19300000000000014       0.49999999999999178     
  0.19400000000000014       0.49999999999999184     
  0.19500000000000015       0.49999999999999178     
  0.19600000000000015       0.49999999999999173     
  0.19700000000000015       0.49999999999999184     
  0.19800000000000015       0.49999999999999178     
  0.19900000000000015       0.49999999999999184     
  0.20000000000000015       0.49999999999999178     
  0.20100000000000015       0.49999999999999201     
  0.20200000000000015       0.49999999999999195     
  0.20300000000000015       0.49999999999999167     
  0.20400000000000015       0.49999999999999184     
  0.20500000000000015       0.49999999999999173     
  0.20600000000000016       0.49999999999999195     
  0.20700000000000016       0.49999999999999190     
  0.20800000000000016       0.49999999999999178     
  0.20900000000000016       0.49999999999999178     
  0.21000000000000016       0.49999999999999184     
  0.21100000000000016       0.49999999999999167     
  0.21200000000000016       0.49999999999999178     
  0.21300000000000016       0.49999999999999178     
  0.21400000000000016       0.49999999999999167     
  0.21500000000000016       0.49999999999999173     
  0.21600000000000016       0.49999999999999184     
  0.21700000000000016       0.49999999999999173     
  0.21800000000000017       0.49999999999999178     
  0.21900000000000017       0.49999999999999173     
  0.22000000000000017       0.49999999999999195     
  0.22100000000000017       0.49999999999999178     
  0.22200000000000017       0.49999999999999190     
  0.22300000000000017       0.49999999999999195     
  0.22400000000000017       0.49999999999999212     
  0.22500000000000017       0.49999999999999190     
  0.22600000000000017       0.49999999999999184     
  0.22700000000000017       0.49999999999999195     
  0.22800000000000017       0.49999999999999195     
  0.22900000000000018       0.49999999999999190     
  0.23000000000000018       0.49999999999999195     
  0.23100000000000018       0.49999999999999206     
  0.23200000000000018       0.49999999999999178     
  0.23300000000000018       0.49999999999999184     
  0.23400000000000018       0.49999999999999195     
  0.23500000000000018       0.49999999999999195     
  0.23600000000000018       0.49999999999999201     
  0.23700000000000018       0.49999999999999201     
  0.23800000000000018       0.49999999999999201     
  0.23900000000000018       0.49999999999999206     
  0.24000000000000019       0.49999999999999190     
  0.24100000000000019       0.49999999999999195     
  0.24200000000000019       0.49999999999999190     
  0.24300000000000019       0.49999999999999195     
  0.24400000000000019       0.49999999999999190     
  0.24500000000000019       0.49999999999999206     
  0.24600000000000019       0.49999999999999206     
  0.24700000000000019       0.49999999999999201     
  0.24800000000000019       0.49999999999999190     
  0.24900000000000019       0.49999999999999195     
  0.25000000000000017       0.49999999999999206     
  0.25100000000000017       0.49999999999999206     
  0.25200000000000017       0.49999999999999206     
  0.25300000000000017       0.49999999999999190     
  0.25400000000000017       0.49999999999999212     
  0.25500000000000017       0.49999999999999212     
  0.25600000000000017       0.49999999999999201     
  0.25700000000000017       0.49999999999999223     
  0.25800000000000017       0.49999999999999195     
  0.25900000000000017       0.49999999999999201     
  0.26000000000000018       0.49999999999999212     
  0.26100000000000018       0.49999999999999195     
  0.26200000000000018       0.49999999999999201     
  0.26300000000000018       0.49999999999999201     
  0.26400000000000018       0.49999999999999217     
  0.26500000000000018       0.49999999999999212     
  0.26600000000000018       0.49999999999999206     
  0.26700000000000018       0.49999999999999206     
  0.26800000000000018       0.49999999999999212     
  0.26900000000000018       0.49999999999999206     
  0.27000000000000018       0.49999999999999217     
  0.27100000000000019       0.49999999999999212     
  0.27200000000000019       0.49999999999999201     
  0.27300000000000019       0.49999999999999206     
  0.27400000000000019       0.49999999999999217     
  0.27500000000000019       0.49999999999999217     
  0.27600000000000019       0.49999999999999212     
  0.27700000000000019       0.49999999999999201     
  0.27800000000000019       0.49999999999999206     
  0.27900000000000019       0.49999999999999217     
  0.28000000000000019       0.49999999999999195     
  0.28100000000000019       0.49999999999999212     
  0.28200000000000019       0.49999999999999206     
  0.28300000000000020       0.49999999999999206     
  0.28400000000000020       0.49999999999999228     
  0.28500000000000020       0.49999999999999217     
  0.28600000000000020       0.49999999999999206     
  0.28700000000000020       0.49999999999999228     
  0.28800000000000020       0.49999999999999217     
  0.28900000000000020       0.49999999999999217     
  0.29000000000000020       0.49999999999999223     
  0.29100000000000020       0.49999999999999223     
  0.29200000000000020       0.49999999999999234     
  0.29300000000000020       0.49999999999999228     
  0.29400000000000021       0.49999999999999228     
  0.29500000000000021       0.49999999999999228     
  0.29600000000000021       0.49999999999999228     
  0.29700000000000021       0.49999999999999228     
  0.29800000000000021       0.49999999999999223     
  0.29900000000000021       0.49999999999999223     
  0.30000000000000021       0.49999999999999228     
  0.30100000000000021       0.49999999999999228     
  0.30200000000000021       0.49999999999999228     
  0.30300000000000021       0.49999999999999212     
  0.30400000000000021       0.49999999999999234     
  0.30500000000000022       0.49999999999999223     
  0.30600000000000022       0.49999999999999228     
  0.30700000000000022       0.49999999999999223     
  0.30800000000000022       0.49999999999999223     
  0.30900000000000022       0.49999999999999234     
  0.31000000000000022       0.49999999999999223     
  0.31100000000000022       0.49999999999999223     
  0.31200000000000022       0.49999999999999234     
  0.31300000000000022       0.49999999999999228     
  0.31400000000000022       0.49999999999999239     
  0.31500000000000022       0.49999999999999251     
  0.31600000000000023       0.49999999999999239     
  0.31700000000000023       0.49999999999999234     
  0.31800000000000023       0.49999999999999228     
  0.31900000000000023       0.49999999999999239     
  0.32000000000000023       0.49999999999999239     
  0.32100000000000023       0.49999999999999239     
  0.32200000000000023       0.49999999999999234     
  0.32300000000000023       0.49999999999999234     
  0.32400000000000023       0.49999999999999245     
  0.32500000000000023       0.49999999999999239     
  0.32600000000000023       0.49999999999999251     
  0.32700000000000023       0.49999999999999239     
  0.32800000000000024       0.49999999999999262     
  0.32900000000000024       0.49999999999999256     
  0.33000000000000024       0.49999999999999234     
  0.33100000000000024       0.49999999999999239     
  0.33200000000000024       0.49999999999999262     
  0.33300000000000024       0.49999999999999251     
  0.33400000000000024       0.49999999999999245     
  0.33500000000000024       0.49999999999999245     
  0.33600000000000024       0.49999999999999234     
  0.33700000000000024       0.49999999999999262     
  0.33800000000000024       0.49999999999999228     
  0.33900000000000025       0.49999999999999256     
  0.34000000000000025       0.49999999999999251     
  0.34100000000000025       0.49999999999999245     
  0.34200000000000025       0.49999999999999262     
  0.34300000000000025       0.49999999999999234     
  0.34400000000000025       0.49999999999999239     
  0.34500000000000025       0.49999999999999267     
  0.34600000000000025       0.49999999999999267     
  0.34700000000000025       0.49999999999999267     
  0.34800000000000025       0.49999999999999273     
  0.34900000000000025       0.49999999999999256     
  0.35000000000000026       0.49999999999999245     
  0.35100000000000026       0.49999999999999278     
  0.35200000000000026       0.49999999999999256     
  0.35300000000000026       0.49999999999999262     
  0.35400000000000026       0.49999999999999273     
  0.35500000000000026       0.49999999999999256     
  0.35600000000000026       0.49999999999999267     
  0.35700000000000026       0.49999999999999267     
  0.35800000000000026       0.49999999999999245     
  0.35900000000000026       0.49999999999999251     
  0.36000000000000026       0.49999999999999256     
  0.36100000000000027       0.49999999999999256     
  0.36200000000000027       0.49999999999999256     
  0.36300000000000027       0.49999999999999273     
  0.36400000000000027       0.49999999999999262     
  0.36500000000000027       0.49999999999999256     
  0.36600000000000027       0.49999999999999256     
  0.36700000000000027       0.49999999999999256     
  0.36800000000000027       0.49999999999999262     
  0.36900000000000027       0.49999999999999256     
  0.37000000000000027       0.49999999999999267     
  0.37100000000000027       0.49999999999999262     
  0.37200000000000027       0.49999999999999273     
  0.37300000000000028       0.49999999999999267     
  0.37400000000000028       0.49999999999999273     
  0.37500000000000028       0.49999999999999267     
  0.37600000000000028       0.49999999999999289     
  0.37700000000000028       0.49999999999999262     
  0.37800000000000028       0.49999999999999267     
  0.37900000000000028       0.49999999999999262     
  0.38000000000000028       0.49999999999999267     
  0.38100000000000028       0.49999999999999267     
  0.38200000000000028       0.49999999999999289     
  0.38300000000000028       0.49999999999999278     
  0.38400000000000029       0.49999999999999278     
  0.38500000000000029       0.49999999999999256     
  0.38600000000000029       0.49999999999999278     
  0.38700000000000029       0.49999999999999278     
  0.38800000000000029       0.49999999999999278     
  0.38900000000000029       0.49999999999999289     
  0.39000000000000029       0.49999999999999273     
  0.39100000000000029       0.49999999999999273     
  0.39200000000000029       0.49999999999999289     
  0.39300000000000029       0.49999999999999278     
  0.39400000000000029       0.49999999999999278     
  0.39500000000000030       0.49999999999999267     
  0.39600000000000030       0.49999999999999273     
  0.39700000000000030       0.49999999999999278     
  0.39800000000000030       0.49999999999999284     
  0.39900000000000030       0.49999999999999295     
  0.40000000000000030       0.49999999999999278     
  0.40100000000000030       0.49999999999999306     
  0.40200000000000030       0.49999999999999284     
  0.40300000000000030       0.49999999999999295     
  0.40400000000000030       0.49999999999999278     
  0.40500000000000030       0.49999999999999278     
  0.40600000000000031       0.49999999999999278     
  0.40700000000000031       0.49999999999999284     
  0.40800000000000031       0.49999999999999284     
  0.40900000000000031       0.49999999999999273     
  0.41000000000000031       0.49999999999999301     
  0.41100000000000031       0.49999999999999295     
  0.41200000000000031       0.49999999999999306     
  0.41300000000000031       0.49999999999999278     
  0.41400000000000031       0.49999999999999312     
  0.41500000000000031       0.49999999999999273     
  0.41600000000000031       0.49999999999999284     
  0.41700000000000031       0.49999999999999301     
  0.41800000000000032       0.49999999999999301     
  0.41900000000000032       0.49999999999999284     
  0.42000000000000032       0.49999999999999284     
  0.42100000000000032       0.49999999999999278     
  0.42200000000000032       0.49999999999999301     
  0.42300000000000032       0.49999999999999284     
  0.42400000000000032       0.49999999999999301     
  0.42500000000000032       0.49999999999999301     
  0.42600000000000032       0.49999999999999301     
  0.42700000000000032       0.49999999999999278     
  0.42800000000000032       0.49999999999999306     
  0.42900000000000033       0.49999999999999284     
  0.43000000000000033       0.49999999999999306     
  0.43100000000000033       0.49999999999999306     
  0.43200000000000033       0.49999999999999289     
  0.43300000000000033       0.49999999999999301     
  0.43400000000000033       0.49999999999999301     
  0.43500000000000033       0.49999999999999284     
  0.43600000000000033       0.49999999999999317     
  0.43700000000000033       0.49999999999999317     
  0.43800000000000033       0.49999999999999323     
  0.43900000000000033       0.49999999999999306     
  0.44000000000000034       0.49999999999999289     
  0.44100000000000034       0.49999999999999295     
  0.44200000000000034       0.49999999999999312     
  0.44300000000000034       0.49999999999999328     
  0.44400000000000034       0.49999999999999317     
  0.44500000000000034       0.49999999999999317     
  0.44600000000000034       0.49999999999999306     
  0.44700000000000034       0.49999999999999317     
  0.44800000000000034       0.49999999999999312     
  0.44900000000000034       0.49999999999999306     
  0.45000000000000034       0.49999999999999312     
  0.45100000000000035       0.49999999999999323     
  0.45200000000000035       0.49999999999999323     
  0.45300000000000035       0.49999999999999317     
  0.45400000000000035       0.49999999999999301     
  0.45500000000000035       0.49999999999999306     
  0.45600000000000035       0.49999999999999334     
  0.45700000000000035       0.49999999999999317     
  0.45800000000000035       0.49999999999999317     
  0.45900000000000035       0.49999999999999312     
  0.46000000000000035       0.49999999999999306     
  0.46100000000000035       0.49999999999999317     
  0.46200000000000035       0.49999999999999317     
  0.46300000000000036       0.49999999999999323     
  0.46400000000000036       0.49999999999999312     
  0.46500000000000036       0.49999999999999334     
  0.46600000000000036       0.49999999999999328     
  0.46700000000000036       0.49999999999999334     
  0.46800000000000036       0.49999999999999312     
  0.46900000000000036       0.49999999999999323     
  0.47000000000000036       0.49999999999999334     
  0.47100000000000036       0.49999999999999312     
  0.47200000000000036       0.49999999999999323     
  0.47300000000000036       0.49999999999999323     
  0.47400000000000037       0.49999999999999317     
  0.47500000000000037       0.49999999999999323     
  0.47600000000000037       0.49999999999999345     
  0.47700000000000037       0.49999999999999323     
  0.47800000000000037       0.49999999999999317     
  0.47900000000000037       0.49999999999999306     
  0.48000000000000037       0.49999999999999323     
  0.48100000000000037       0.49999999999999334     
  0.48200000000000037       0.49999999999999312     
  0.48300000000000037       0.49999999999999334     
  0.48400000000000037       0.49999999999999339     
  0.48500000000000038       0.49999999999999334     
  0.48600000000000038       0.49999999999999334     
  0.48700000000000038       0.49999999999999345     
  0.48800000000000038       0.49999999999999339     
  0.48900000000000038       0.49999999999999334     
  0.49000000000000038       0.49999999999999334     
  0.49100000000000038       0.49999999999999328     
  0.49200000000000038       0.49999999999999351     
  0.49300000000000038       0.49999999999999323     
  0.49400000000000038       0.49999999999999345     
  0.49500000000000038       0.49999999999999334     
  0.49600000000000039       0.49999999999999334     
  0.49700000000000039       0.49999999999999339     
  0.49800000000000039       0.49999999999999339     
  0.49900000000000039       0.49999999999999323     
  0.50000000000000033       0.49999999999999356     
  0.50100000000000033       0.49999999999999323     
  0.50200000000000033       0.49999999999999334     
  0.50300000000000034       0.49999999999999351     
  0.50400000000000034       0.49999999999999356     
  0.50500000000000034       0.49999999999999351     
  0.50600000000000034       0.49999999999999328     
  0.50700000000000034       0.49999999999999367     
  0.50800000000000034       0.49999999999999345     
  0.50900000000000034       0.49999999999999351     
  0.51000000000000034       0.49999999999999351     
  0.51100000000000034       0.49999999999999351     
  0.51200000000000034       0.49999999999999362     
  0.51300000000000034       0.49999999999999351     
  0.51400000000000035       0.49999999999999356     
  0.51500000000000035       0.49999999999999362     
  0.51600000000000035       0.49999999999999351     
  0.51700000000000035       0.49999999999999362     
  0.51800000000000035       0.49999999999999356     
  0.51900000000000035       0.49999999999999362     
  0.52000000000000035       0.49999999999999367     
  0.52100000000000035       0.49999999999999367     
  0.52200000000000035       0.49999999999999362     
  0.52300000000000035       0.49999999999999351     
  0.52400000000000035       0.49999999999999362     
  0.52500000000000036       0.49999999999999362     
  0.52600000000000036       0.49999999999999356     
  0.52700000000000036       0.49999999999999373     
  0.52800000000000036       0.49999999999999351     
  0.52900000000000036       0.49999999999999367     
  0.53000000000000036       0.49999999999999362     
  0.53100000000000036       0.49999999999999367     
  0.53200000000000036       0.49999999999999373     
  0.53300000000000036       0.49999999999999367     
  0.53400000000000036       0.49999999999999356     
  0.53500000000000036       0.49999999999999362     
  0.53600000000000037       0.49999999999999378     
  0.53700000000000037       0.49999999999999367     
  0.53800000000000037       0.49999999999999367     
  0.53900000000000037       0.49999999999999362     
  0.54000000000000037       0.49999999999999389     
  0.54100000000000037       0.49999999999999367     
  0.54200000000000037       0.49999999999999384     
  0.54300000000000037       0.49999999999999362     
  0.54400000000000037       0.49999999999999373     
  0.54500000000000037       0.49999999999999362     
  0.54600000000000037       0.49999999999999384     
  0.54700000000000037       0.49999999999999378     
  0.54800000000000038       0.49999999999999356     
  0.54900000000000038       0.49999999999999356     
  0.55000000000000038       0.49999999999999351     
  0.55100000000000038       0.49999999999999378     
  0.55200000000000038       0.49999999999999378     
  0.55300000000000038       0.49999999999999378     
  0.55400000000000038       0.49999999999999384     
  0.55500000000000038       0.49999999999999378     
  0.55600000000000038       0.49999999999999378     
  0.55700000000000038       0.49999999999999389     
  0.55800000000000038       0.49999999999999389     
  0.55900000000000039       0.49999999999999378     
  0.56000000000000039       0.49999999999999384     
  0.56100000000000039       0.49999999999999389     
  0.56200000000000039       0.49999999999999367     
  0.56300000000000039       0.49999999999999367     
  0.56400000000000039       0.49999999999999378     
  0.56500000000000039       0.49999999999999395     
  0.56600000000000039       0.49999999999999378     
  0.56700000000000039       0.49999999999999389     
  0.56800000000000039       0.49999999999999389     
  0.56900000000000039       0.49999999999999389     
  0.57000000000000040       0.49999999999999389     
  0.57100000000000040       0.49999999999999400     
  0.57200000000000040       0.49999999999999389     
  0.57300000000000040       0.49999999999999384     
  0.57400000000000040       0.49999999999999373     
  0.57500000000000040       0.49999999999999395     
  0.57600000000000040       0.49999999999999406     
  0.57700000000000040       0.49999999999999389     
  0.57800000000000040       0.49999999999999389     
  0.57900000000000040       0.49999999999999389     
  0.58000000000000040       0.49999999999999406     
  0.58100000000000041       0.49999999999999412     
  0.58200000000000041       0.49999999999999400     
  0.58300000000000041       0.49999999999999395     
  0.58400000000000041       0.49999999999999400     
  0.58500000000000041       0.49999999999999412     
  0.58600000000000041       0.49999999999999406     
  0.58700000000000041       0.49999999999999384     
  0.58800000000000041       0.49999999999999384     
  0.58900000000000041       0.49999999999999389     
  0.59000000000000041       0.49999999999999406     
  0.59100000000000041       0.49999999999999423     
  0.59200000000000041       0.49999999999999395     
  0.59300000000000042       0.49999999999999412     
  0.59400000000000042       0.49999999999999412     
  0.59500000000000042       0.49999999999999412     
  0.59600000000000042       0.49999999999999417     
  0.59700000000000042       0.49999999999999406     
  0.59800000000000042       0.49999999999999400     
  0.59900000000000042       0.49999999999999400     
  0.60000000000000042       0.49999999999999417     
  0.60100000000000042       0.49999999999999423     
  0.60200000000000042       0.49999999999999395     
  0.60300000000000042       0.49999999999999412     
  0.60400000000000043       0.49999999999999406     
  0.60500000000000043       0.49999999999999423     
  0.60600000000000043       0.49999999999999423     
  0.60700000000000043       0.49999999999999423     
  0.60800000000000043       0.49999999999999428     
  0.60900000000000043       0.49999999999999395     
  0.61000000000000043       0.49999999999999400     
  0.61100000000000043       0.49999999999999423     
  0.61200000000000043       0.49999999999999428     
  0.61300000000000043       0.49999999999999434     
  0.61400000000000043       0.49999999999999428     
  0.61500000000000044       0.49999999999999423     
  0.61600000000000044       0.49999999999999406     
  0.61700000000000044       0.49999999999999417     
  0.61800000000000044       0.49999999999999417     
  0.61900000000000044       0.49999999999999406     
  0.62000000000000044       0.49999999999999417     
  0.62100000000000044       0.49999999999999423     
  0.62200000000000044       0.49999999999999428     
  0.62300000000000044       0.49999999999999423     
  0.62400000000000044       0.49999999999999428     
  0.62500000000000044       0.49999999999999434     
  0.62600000000000044       0.49999999999999434     
  0.62700000000000045       0.49999999999999439     
  0.62800000000000045       0.49999999999999423     
  0.62900000000000045       0.49999999999999428     
  0.63000000000000045       0.49999999999999423     
  0.63100000000000045       0.49999999999999445     
  0.63200000000000045       0.49999999999999428     
  0.63300000000000045       0.49999999999999439     
  0.63400000000000045       0.49999999999999439     
  0.63500000000000045       0.49999999999999439     
  0.63600000000000045       0.49999999999999445     
  0.63700000000000045       0.49999999999999434     
  0.63800000000000046       0.49999999999999439     
  0.63900000000000046       0.49999999999999423     
  0.64000000000000046       0.49999999999999428     
  0.64100000000000046       0.49999999999999439     
  0.64200000000000046       0.49999999999999439     
  0.64300000000000046       0.49999999999999439     
  0.64400000000000046       0.49999999999999428     
  0.64500000000000046       0.49999999999999462     
  0.64600000000000046       0.49999999999999445     
  0.64700000000000046       0.49999999999999462     
  0.64800000000000046       0.49999999999999445     
  0.64900000000000047       0.49999999999999462     
  0.65000000000000047       0.49999999999999434     
  0.65100000000000047       0.49999999999999445     
  0.65200000000000047       0.49999999999999450     
  0.65300000000000047       0.49999999999999462     
  0.65400000000000047       0.49999999999999456     
  0.65500000000000047       0.49999999999999450     
  0.65600000000000047       0.49999999999999439     
  0.65700000000000047       0.49999999999999456     
  0.65800000000000047       0.49999999999999450     
  0.65900000000000047       0.49999999999999434     
  0.66000000000000048       0.49999999999999450     
  0.66100000000000048       0.49999999999999445     
  0.66200000000000048       0.49999999999999456     
  0.66300000000000048       0.49999999999999462     
  0.66400000000000048       0.49999999999999450     
  0.66500000000000048       0.49999999999999456     
  0.66600000000000048       0.49999999999999456     
  0.66700000000000048       0.49999999999999456     
  0.66800000000000048       0.49999999999999462     
  0.66900000000000048       0.49999999999999462     
  0.67000000000000048       0.49999999999999456     
  0.67100000000000048       0.49999999999999445     
  0.67200000000000049       0.49999999999999478     
  0.67300000000000049       0.49999999999999445     
  0.67400000000000049       0.49999999999999467     
  0.67500000000000049       0.49999999999999478     
  0.67600000000000049       0.49999999999999478     
  0.67700000000000049       0.49999999999999462     
  0.67800000000000049       0.49999999999999462     
  0.67900000000000049       0.49999999999999473     
  0.68000000000000049       0.49999999999999489     
  0.68100000000000049       0.49999999999999484     
  0.68200000000000049       0.49999999999999473     
  0.68300000000000050       0.49999999999999495     
  0.68400000000000050       0.49999999999999489     
  0.68500000000000050       0.49999999999999478     
  0.68600000000000050       0.49999999999999473     
  0.68700000000000050       0.49999999999999473     
  0.68800000000000050       0.49999999999999473     
  0.68900000000000050       0.49999999999999473     
  0.69000000000000050       0.49999999999999478     
  0.69100000000000050       0.49999999999999484     
  0.69200000000000050       0.49999999999999478     
  0.69300000000000050       0.49999999999999484     
  0.69400000000000051       0.49999999999999473     
  0.69500000000000051       0.49999999999999495     
  0.69600000000000051       0.49999999999999473     
  0.69700000000000051       0.49999999999999473     
  0.69800000000000051       0.49999999999999478     
  0.69900000000000051       0.49999999999999473     
  0.70000000000000051       0.49999999999999473     
  0.70100000000000051       0.49999999999999484     
  0.70200000000000051       0.49999999999999478     
  0.70300000000000051       0.49999999999999489     
  0.70400000000000051       0.49999999999999478     
  0.70500000000000052       0.49999999999999489     
  0.70600000000000052       0.49999999999999495     
  0.70700000000000052       0.49999999999999484     
  0.70800000000000052       0.49999999999999506     
  0.70900000000000052       0.49999999999999506     
  0.71000000000000052       0.49999999999999500     
  0.71100000000000052       0.49999999999999495     
  0.71200000000000052       0.49999999999999500     
  0.71300000000000052       0.49999999999999495     
  0.71400000000000052       0.49999999999999500     
  0.71500000000000052       0.49999999999999500     
  0.71600000000000052       0.49999999999999500     
  0.71700000000000053       0.49999999999999478     
  0.71800000000000053       0.49999999999999495     
  0.71900000000000053       0.49999999999999506     
  0.72000000000000053       0.49999999999999500     
  0.72100000000000053       0.49999999999999495     
  0.72200000000000053       0.49999999999999489     
  0.72300000000000053       0.49999999999999489     
  0.72400000000000053       0.49999999999999500     
  0.72500000000000053       0.49999999999999500     
  0.72600000000000053       0.49999999999999500     
  0.72700000000000053       0.49999999999999500     
  0.72800000000000054       0.49999999999999500     
  0.72900000000000054       0.49999999999999528     
  0.73000000000000054       0.49999999999999517     
  0.73100000000000054       0.49999999999999517     
  0.73200000000000054       0.49999999999999517     
  0.73300000000000054       0.49999999999999517     
  0.73400000000000054       0.49999999999999506     
  0.73500000000000054       0.49999999999999512     
  0.73600000000000054       0.49999999999999517     
  0.73700000000000054       0.49999999999999517     
  0.73800000000000054       0.49999999999999528     
  0.73900000000000055       0.49999999999999512     
  0.74000000000000055       0.49999999999999517     
  0.74100000000000055       0.49999999999999517     
  0.74200000000000055       0.49999999999999517     
  0.74300000000000055       0.49999999999999506     
  0.74400000000000055       0.49999999999999528     
  0.74500000000000055       0.49999999999999517     
  0.74600000000000055       0.49999999999999512     
  0.74700000000000055       0.49999999999999528     
  0.74800000000000055       0.49999999999999528     
  0.74900000000000055       0.49999999999999517     
  0.75000000000000056       0.49999999999999517     
  0.75100000000000056       0.49999999999999528     
  0.75200000000000056       0.49999999999999556     
  0.75300000000000056       0.49999999999999517     
  0.75400000000000056       0.49999999999999534     
  0.75500000000000056       0.49999999999999523     
  0.75600000000000056       0.49999999999999523     
  0.75700000000000056       0.49999999999999539     
  0.75800000000000056       0.49999999999999528     
  0.75900000000000056       0.49999999999999528     
  0.76000000000000056       0.49999999999999545     
  0.76100000000000056       0.49999999999999534     
  0.76200000000000057       0.49999999999999539     
  0.76300000000000057       0.49999999999999523     
  0.76400000000000057       0.49999999999999517     
  0.76500000000000057       0.49999999999999550     
  0.76600000000000057       0.49999999999999534     
  0.76700000000000057       0.49999999999999545     
  0.76800000000000057       0.49999999999999539     
  0.76900000000000057       0.49999999999999539     
  0.77000000000000057       0.49999999999999545     
  0.77100000000000057       0.49999999999999550     
  0.77200000000000057       0.49999999999999534     
  0.77300000000000058       0.49999999999999550     
  0.77400000000000058       0.49999999999999556     
  0.77500000000000058       0.49999999999999550     
  0.77600000000000058       0.49999999999999556     
  0.77700000000000058       0.49999999999999528     
  0.77800000000000058       0.49999999999999534     
  0.77900000000000058       0.49999999999999556     
  0.78000000000000058       0.49999999999999573     
  0.78100000000000058       0.49999999999999539     
  0.78200000000000058       0.49999999999999550     
  0.78300000000000058       0.49999999999999556     
  0.78400000000000059       0.49999999999999550     
  0.78500000000000059       0.49999999999999550     
  0.78600000000000059       0.49999999999999545     
  0.78700000000000059       0.49999999999999550     
  0.78800000000000059       0.49999999999999556     
  0.78900000000000059       0.49999999999999561     
  0.79000000000000059       0.49999999999999561     
  0.79100000000000059       0.49999999999999556     
  0.79200000000000059       0.49999999999999561     
  0.79300000000000059       0.49999999999999550     
  0.79400000000000059       0.49999999999999550     
  0.79500000000000060       0.49999999999999567     
  0.79600000000000060       0.49999999999999561     
  0.79700000000000060       0.49999999999999561     
  0.79800000000000060       0.49999999999999567     
  0.79900000000000060       0.49999999999999561     
  0.80000000000000060       0.49999999999999567     
  0.80100000000000060       0.49999999999999578     
  0.80200000000000060       0.49999999999999578     
  0.80300000000000060       0.49999999999999556     
  0.80400000000000060       0.49999999999999567     
  0.80500000000000060       0.49999999999999550     
  0.80600000000000060       0.49999999999999567     
  0.80700000000000061       0.49999999999999567     
  0.80800000000000061       0.49999999999999573     
  0.80900000000000061       0.49999999999999567     
  0.81000000000000061       0.49999999999999567     
  0.81100000000000061       0.49999999999999584     
  0.81200000000000061       0.49999999999999584     
  0.81300000000000061       0.49999999999999567     
  0.81400000000000061       0.49999999999999578     
  0.81500000000000061       0.49999999999999573     
  0.81600000000000061       0.49999999999999573     
  0.81700000000000061       0.49999999999999589     
  0.81800000000000062       0.49999999999999573     
  0.81900000000000062       0.49999999999999584     
  0.82000000000000062       0.49999999999999584     
  0.82100000000000062       0.49999999999999589     
  0.82200000000000062       0.49999999999999600     
  0.82300000000000062       0.49999999999999595     
  0.82400000000000062       0.49999999999999589     
  0.82500000000000062       0.49999999999999578     
  0.82600000000000062       0.49999999999999584     
  0.82700000000000062       0.49999999999999578     
  0.82800000000000062       0.49999999999999589     
  0.82900000000000063       0.49999999999999589     
  0.83000000000000063       0.49999999999999595     
  0.83100000000000063       0.49999999999999600     
  0.83200000000000063       0.49999999999999589     
  0.83300000000000063       0.49999999999999600     
  0.83400000000000063       0.49999999999999611     
  0.83500000000000063       0.49999999999999578     
  0.83600000000000063       0.49999999999999595     
  0.83700000000000063       0.49999999999999595     
  0.83800000000000063       0.49999999999999606     
  0.83900000000000063       0.49999999999999617     
  0.84000000000000064       0.49999999999999617     
  0.84100000000000064       0.49999999999999595     
  0.84200000000000064       0.49999999999999611     
  0.84300000000000064       0.49999999999999611     
  0.84400000000000064       0.49999999999999600     
  0.84500000000000064       0.49999999999999606     
  0.84600000000000064       0.49999999999999600     
  0.84700000000000064       0.49999999999999606     
  0.84800000000000064       0.49999999999999617     
  0.84900000000000064       0.49999999999999617     
  0.85000000000000064       0.49999999999999623     
  0.85100000000000064       0.49999999999999611     
  0.85200000000000065       0.49999999999999611     
  0.85300000000000065       0.49999999999999617     
  0.85400000000000065       0.49999999999999600     
  0.85500000000000065       0.49999999999999623     
  0.85600000000000065       0.49999999999999617     
  0.85700000000000065       0.49999999999999617     
  0.85800000000000065       0.49999999999999617     
  0.85900000000000065       0.49999999999999611     
  0.86000000000000065       0.49999999999999634     
  0.86100000000000065       0.49999999999999617     
  0.86200000000000065       0.49999999999999623     
  0.86300000000000066       0.49999999999999617     
  0.86400000000000066       0.49999999999999634     
  0.86500000000000066       0.49999999999999628     
  0.86600000000000066       0.49999999999999623     
  0.86700000000000066       0.49999999999999617     
  0.86800000000000066       0.49999999999999617     
  0.86900000000000066       0.49999999999999617     
  0.87000000000000066       0.49999999999999623     
  0.87100000000000066       0.49999999999999634     
  0.87200000000000066       0.49999999999999639     
  0.87300000000000066       0.49999999999999645     
  0.87400000000000067       0.49999999999999623     
  0.87500000000000067       0.49999999999999656     
  0.87600000000000067       0.49999999999999634     
  0.87700000000000067       0.49999999999999645     
  0.87800000000000067       0.49999999999999639     
  0.87900000000000067       0.49999999999999628     
  0.88000000000000067       0.49999999999999628     
  0.88100000000000067       0.49999999999999639     
  0.88200000000000067       0.49999999999999645     
  0.88300000000000067       0.49999999999999623     
  0.88400000000000067       0.49999999999999656     
  0.88500000000000068       0.49999999999999656     
  0.88600000000000068       0.49999999999999656     
  0.88700000000000068       0.49999999999999650     
  0.88800000000000068       0.49999999999999667     
  0.88900000000000068       0.49999999999999645     
  0.89000000000000068       0.49999999999999650     
  0.89100000000000068       0.49999999999999656     
  0.89200000000000068       0.49999999999999634     
  0.89300000000000068       0.49999999999999650     
  0.89400000000000068       0.49999999999999661     
  0.89500000000000068       0.49999999999999650     
  0.89600000000000068       0.49999999999999661     
  0.89700000000000069       0.49999999999999639     
  0.89800000000000069       0.49999999999999661     
  0.89900000000000069       0.49999999999999661     
  0.90000000000000069       0.49999999999999656     
  0.90100000000000069       0.49999999999999667     
  0.90200000000000069       0.49999999999999645     
  0.90300000000000069       0.49999999999999667     
  0.90400000000000069       0.49999999999999667     
  0.90500000000000069       0.49999999999999661     
  0.90600000000000069       0.49999999999999661     
  0.90700000000000069       0.49999999999999672     
  0.90800000000000070       0.49999999999999667     
  0.90900000000000070       0.49999999999999672     
  0.91000000000000070       0.49999999999999667     
  0.91100000000000070       0.49999999999999661     
  0.91200000000000070       0.49999999999999672     
  0.91300000000000070       0.49999999999999667     
  0.91400000000000070       0.49999999999999678     
  0.91500000000000070       0.49999999999999678     
  0.91600000000000070       0.49999999999999684     
  0.91700000000000070       0.49999999999999678     
  0.91800000000000070       0.49999999999999672     
  0.91900000000000071       0.49999999999999689     
  0.92000000000000071       0.49999999999999689     
  0.92100000000000071       0.49999999999999678     
  0.92200000000000071       0.49999999999999684     
  0.92300000000000071       0.49999999999999689     
  0.92400000000000071       0.49999999999999684     
  0.92500000000000071       0.49999999999999678     
  0.92600000000000071       0.49999999999999684     
  0.92700000000000071       0.49999999999999700     
  0.92800000000000071       0.49999999999999706     
  0.92900000000000071       0.49999999999999684     
  0.93000000000000071       0.49999999999999678     
  0.93100000000000072       0.49999999999999689     
  0.93200000000000072       0.49999999999999706     
  0.93300000000000072       0.49999999999999689     
  0.93400000000000072       0.49999999999999684     
  0.93500000000000072       0.49999999999999689     
  0.93600000000000072       0.49999999999999711     
  0.93700000000000072       0.49999999999999711     
  0.93800000000000072       0.49999999999999700     
  0.93900000000000072       0.49999999999999717     
  0.94000000000000072       0.49999999999999722     
  0.94100000000000072       0.49999999999999722     
  0.94200000000000073       0.49999999999999700     
  0.94300000000000073       0.49999999999999700     
  0.94400000000000073       0.49999999999999711     
  0.94500000000000073       0.49999999999999706     
  0.94600000000000073       0.49999999999999706     
  0.94700000000000073       0.49999999999999706     
  0.94800000000000073       0.49999999999999728     
  0.94900000000000073       0.49999999999999711     
  0.95000000000000073       0.49999999999999711     
  0.95100000000000073       0.49999999999999728     
  0.95200000000000073       0.49999999999999717     
  0.95300000000000074       0.49999999999999734     
  0.95400000000000074       0.49999999999999717     
  0.95500000000000074       0.49999999999999717     
  0.95600000000000074       0.49999999999999722     
  0.95700000000000074       0.49999999999999728     
  0.95800000000000074       0.49999999999999728     
  0.95900000000000074       0.49999999999999722     
  0.96000000000000074       0.49999999999999722     
  0.96100000000000074       0.49999999999999689     
  0.96200000000000074       0.49999999999999517     
  0.96300000000000074       0.49999999999997918     
  0.96400000000000075       0.49999999999990646     
  0.96500000000000075       0.49999999999961220     
  0.96600000000000075       0.49999999999848610     
  0.96700000000000075       0.49999999999434475     
  0.96800000000000075       0.49999999997966271     
  0.96900000000000075       0.49999999992941463     
  0.97000000000000075       0.49999999976338166     
  0.97100000000000075       0.49999999923358274     
  0.97200000000000075       0.49999999760088498     
  0.97300000000000075       0.49999999274099616     
  0.97400000000000075       0.49999997876695523     
  0.97500000000000075       0.49999993994783298     
  0.97600000000000076       0.49999983575115947     
  0.97700000000000076       0.49999956547484753     
  0.97800000000000076       0.49999888787250751     
  0.97900000000000076       0.49999724566785519     
  0.98000000000000076       0.49999339758554640     
  0.98100000000000076       0.49998467766385085     
  0.98200000000000076       0.49996556476863374     
  0.98300000000000076       0.49992503356839585     
  0.98400000000000076       0.49984185433974343     
  0.98500000000000076       0.49967660980109146     
  0.98600000000000076       0.49935873013816046     
  0.98700000000000077       0.49876638891246039     
  0.98800000000000077       0.49769679232493730     
  0.98900000000000077       0.49582443466924686     
  0.99000000000000077       0.49264552124056016     
  0.99100000000000077       0.48740818702988897     
  0.99200000000000077       0.47903045600608102     
  0.99300000000000077       0.46601096040462264     
  0.99400000000000077       0.44634084617273156     
  0.99500000000000077       0.41742831210323067     
  0.99600000000000077       0.37604897145106991     
  0.99700000000000077       0.31833483888794240     
  0.99800000000000078       0.23981171995035136     
  0.99900000000000078       0.13548919211441074     
   1.0000000000000000        3.4763107232021414E-310
